   DJI_0979.JPG      8800.000    0
         100001       -5168.746        4284.374       0
         100002       -5441.079        4309.419       0
         100003       -3739.439        4299.904       0
         100004       -3229.917        4203.145       0
         100005        -607.319        4232.487       0
         100006        -763.329        4258.541       0
         100007         892.730        4411.694       0
         100008         904.653        4285.132       0
         100009        1850.284        4476.611       0
         100010        1660.978        4426.761       0
         100011        3021.985        4269.034       0
         100012        3109.918        4615.722       0
         100013        3842.761        4184.155       0
         100014        3479.047        4643.682       0
         100015        3296.148        4451.988       0
         100016        5518.258        4326.094       0
         100017       -4932.361        4154.072       0
         100018       -5302.221        3633.126       0
         100019       -4475.437        3855.398       0
         100020       -4298.341        4001.114       0
         100021       -3622.811        4147.811       0
         100022       -3089.084        3798.730       0
         100023       -1960.673        4013.818       0
         100024        -881.234        3705.719       0
         100025        -897.594        3911.219       0
         100026        -641.243        4025.058       0
         100027         194.852        4124.888       0
         100028         925.933        4090.106       0
         100029        3905.879        4142.263       0
         100030        3858.029        4156.523       0
         100031       -5962.587        3102.980       0
         100032       -5313.405        2997.973       0
         100033       -4348.622        3398.513       0
         100034       -1899.137        3268.287       0
         100035       -1294.324        3110.552       0
         100036       -1287.218        3072.992       0
         100037         -34.237        3394.853       0
         100038         377.024        3178.186       0
         100039        1037.513        3266.763       0
         100040        2684.037        3150.675       0
         100041        4227.655        3389.675       0
         100042        5865.757        3221.391       0
         100043        5794.541        3139.584       0
         100044       -5730.928        2778.210       0
         100045       -2036.624        2707.489       0
         100046       -1960.857        2955.756       0
         100047        -111.775        2949.746       0
         100048        -375.922        2810.081       0
         100049         530.142        2560.906       0
         100050        1048.305        2726.033       0
         100051        2983.558        2876.218       0
         100052        2407.215        2810.976       0
         100053        3498.067        2600.654       0
         100054        4273.576        2848.949       0
         100055        5344.570        2717.864       0
         100056        5994.597        2495.980       0
         100057        5873.313        2601.153       0
         100058       -5241.274        2079.391       0
         100059       -5020.226        2284.406       0
         100060       -4316.936        1817.442       0
         100061       -2922.106        2143.478       0
         100062       -2262.677        2003.255       0
         100063       -1684.030        1948.707       0
         100064        -161.159        1829.399       0
         100066         623.245        2048.994       0
         100067         722.236        2197.714       0
         100068        1491.775        1885.816       0
         100069        2082.127        2229.761       0
         100070        4582.822        2147.920       0
         100071        5309.251        1880.914       0
         100072        5698.337        1787.012       0
         100073       -4260.136        1755.252       0
         100074       -3430.160        1731.825       0
         100075       -3070.134        1353.484       0
         100076       -1665.384        1754.453       0
         100077        -861.502        1368.490       0
         100078          -9.375        1592.019       0
         100079        1546.008        1501.388       0
         100080        1779.112        1737.881       0
         100081        2891.130        1289.077       0
         100082        2835.828        1546.617       0
         100083        3515.230        1709.194       0
         100084        4624.113        1723.486       0
         100085        5428.477        1448.392       0
         100087       -5803.085         831.486       0
         100088       -4396.801         919.521       0
         100089       -3620.827        1056.744       0
         100090       -2450.010         674.375       0
         100091       -2784.070         693.031       0
         100092       -2316.053        1097.687       0
         100093        -924.510         809.174       0
         100094        -128.957         597.150       0
         100095          39.118        1035.402       0
         100096         343.695         957.294       0
         100097         305.262         737.724       0
         100098        1250.186         843.596       0
         100099        3663.448         674.759       0
         100100        3258.674         656.403       0
         100101        4221.288        1031.426       0
         100102        4776.900         595.515       0
         100103        5696.754         652.098       0
         100104       -5777.341         574.841       0
         100105       -5069.508         489.974       0
         100106       -5190.432         495.576       0
         100107       -3289.697         385.781       0
         100108       -3473.390          76.083       0
         100109       -2778.930          48.805       0
         100111       -2313.476         271.879       0
         100112       -1845.478         160.198       0
         100113       -1515.800         471.238       0
         100114       -1404.036          45.621       0
         100115         -89.344         491.359       0
         100116        1577.427           2.078       0
         100117        2531.089          32.842       0
         100118        3705.934         496.221       0
         100119        3795.894         350.130       0
         100120        4524.143         419.423       0
         100121        4869.789         131.269       0
         100122        6007.138         594.597       0
         100123       -5429.924        -517.770       0
         100124       -4767.413        -575.663       0
         100125       -4026.862        -209.042       0
         100126       -3209.834        -500.932       0
         100127       -3067.073        -435.967       0
         100128       -2650.478        -161.083       0
         100129       -1699.744        -498.746       0
         100130       -1117.462        -226.955       0
         100131       -1436.041        -279.943       0
         100132         545.616        -335.828       0
         100133         803.510        -329.290       0
         100134        1596.101        -263.491       0
         100135        1728.137        -115.638       0
         100136        2784.709        -540.180       0
         100138        3574.811        -181.952       0
         100139        5277.878         -96.333       0
         100140        4778.360        -459.435       0
         100141        6219.472        -225.918       0
         100142        6151.523        -169.564       0
         100143       -5205.137       -1141.107       0
         100144       -4511.580       -1081.693       0
         100145       -3645.842        -975.873       0
         100146       -2985.754        -965.229       0
         100147       -1897.614        -677.537       0
         100149          35.781        -929.758       0
         100150         816.700       -1094.800       0
         100151         799.599        -651.152       0
         100152        1930.268        -628.825       0
         100153        2173.102       -1043.103       0
         100154        2894.139        -873.076       0
         100155        2675.781        -998.108       0
         100156        3350.398        -825.650       0
         100158        5027.334        -780.900       0
         100159        5871.958        -745.950       0
         100160        5977.132        -656.596       0
         100161       -5617.410       -1471.686       0
         100162       -5435.805       -1385.136       0
         100163       -2469.600       -1337.287       0
         100164        -809.730       -1422.675       0
         100165       -1048.857       -1403.437       0
         100166        -760.457       -1226.482       0
         100167          64.696       -1571.325       0
         100168        1156.274       -1770.572       0
         100169        1840.989       -1194.837       0
         100170        2515.869       -1362.912       0
         100171        4169.760       -1718.981       0
         100172       -5563.009       -1931.579       0
         100173       -4948.235       -2110.657       0
         100174       -4554.030       -2123.350       0
         100175       -3471.050       -1997.455       0
         100176       -2959.281       -2126.850       0
         100177       -2700.508       -2273.891       0
         100178       -2051.571       -1844.080       0
         100179       -1603.705       -2228.994       0
         100180         678.445       -2177.680       0
         100181        1144.701       -1853.046       0
         100182        1805.544       -2259.130       0
         100183        2039.227       -2337.080       0
         100184        2422.391       -2046.280       0
         100185        3798.655       -2249.172       0
         100186        4501.875       -2270.933       0
         100187        4778.999       -2252.222       0
         100188        6090.981       -2051.414       0
         100189       -5789.865       -2517.675       0
         100190       -5185.371       -2883.935       0
         100191       -4684.248       -2954.006       0
         100192       -1710.906       -2714.133       0
         100193       -1264.228       -2621.475       0
         100194        -547.110       -2684.103       0
         100195          36.388       -2439.282       0
         100196         477.642       -2502.877       0
         100197        1371.378       -2882.819       0
         100198        2336.471       -2762.612       0
         100199        2684.028       -2922.280       0
         100200        3477.078       -2449.876       0
         100201        4615.648       -2419.178       0
         100202        4564.260       -2562.140       0
         100203        4926.088       -2647.887       0
         100204        5412.150       -2726.740       0
         100205        5877.752       -2674.320       0
         100206       -4383.059       -3024.508       0
         100207       -4030.623       -3133.368       0
         100208       -3033.707       -2996.004       0
         100209       -1802.927       -2992.047       0
         100210        -817.928       -3186.773       0
         100211        -807.397       -3019.978       0
         100212        -223.111       -3010.606       0
         100213        -372.442       -3033.729       0
         100214          50.169       -2994.140       0
         100215         823.374       -3105.601       0
         100216        1804.466       -3250.242       0
         100217        1768.463       -3283.323       0
         100218        2763.054       -3061.342       0
         100220        5047.981       -3271.026       0
         100221        5192.608       -3396.290       0
         100222       -5882.946        4219.368       0
         100223       -5767.207        4548.060       0
         100224       -5128.035        4681.080       0
         100225       -4719.634        4277.350       0
         100226       -4502.246        4371.235       0
         100227       -3849.027        4532.618       0
         100228       -2995.816        4521.380       0
         100229       -2627.939        4642.392       0
         100230       -3054.375        4185.208       0
         100231       -1740.202        4371.213       0
         100232       -2114.927        4514.408       0
         100233          45.383        4381.255       0
         100234         515.668        4617.007       0
         100235        1804.753        4520.136       0
         100236        2520.307        4292.781       0
         100237        4639.749        4426.793       0
         100238        3975.255        4182.248       0
         100239        5506.358        4549.033       0
         100240        5660.267        4328.213       0
         100241        6151.613        4502.297       0
         100242       -5588.188        4008.332       0
         100243       -5561.714        3746.555       0
         100244       -3878.232        3735.758       0
         100245       -3107.448        3691.640       0
         100246       -2160.095        3811.730       0
         100247       -2280.459        3654.065       0
         100248        -385.789        3945.706       0
         100249         276.069        3577.585       0
         100250        1265.819        3713.196       0
         100251        2352.623        3681.819       0
         100252        2220.088        3828.668       0
         100253        2433.752        3944.589       0
         100254        2603.458        3593.424       0
         100255        4758.352        3802.537       0
         100256        4602.158        3790.644       0
         100257        5377.121        3682.234       0
         100258        5358.972        3881.348       0
         100259        6052.154        3779.781       0
         100260        5710.409        4012.744       0
         100261       -5756.987        3093.744       0
         100262       -5265.811        3323.888       0
         100263       -4678.310        3511.971       0
         100264       -3183.031        3086.664       0
         100265       -3234.583        3004.035       0
         100266       -2673.893        3462.996       0
         100267       -3093.078        3462.144       0
         100268       -2264.491        3246.973       0
         100269        -128.990        3034.218       0
         100270         331.779        3060.886       0
         100271        1462.155        3348.831       0
         100272        1790.881        3150.191       0
         100273        1789.552        3192.444       0
         100274        2722.461        3469.279       0
         100275        3597.509        3558.141       0
         100276        3589.056        3048.380       0
         100277        4148.322        3292.643       0
         100278        5160.926        3274.614       0
         100279        4873.868        3569.172       0
         100280       -4938.476        2951.335       0
         100281       -5533.330        2807.340       0
         100282       -4185.821        2785.676       0
         100283       -4301.346        2846.978       0
         100284       -3359.264        2839.580       0
         100285       -3840.405        2776.431       0
         100286       -2511.472        2506.690       0
         100287       -2646.427        2636.824       0
         100288       -2096.457        2475.929       0
         100289        -929.173        2640.904       0
         100290       -1002.621        2618.947       0
         100291         127.989        2661.160       0
         100292        1047.878        2939.643       0
         100293        1997.260        2572.689       0
         100294        1724.921        2784.749       0
         100295        3773.129        2861.355       0
         100296        4279.674        2632.750       0
         100297        4873.470        2921.980       0
         100298       -4358.588        2157.958       0
         100299       -3762.347        2175.517       0
         100300       -3815.282        1909.946       0
         100301       -2956.678        1930.139       0
         100302       -3087.003        2069.431       0
         100303       -1082.461        2096.727       0
         100304       -1233.154        1863.831       0
         100305        1452.720        2244.146       0
         100306        1831.801        2237.592       0
         100307        2542.301        1932.024       0
         100308        3101.748        1812.261       0
         100309        3527.589        2126.932       0
         100310        3368.175        2158.141       0
         100311        3711.146        2093.368       0
         100312        4551.248        1897.160       0
         100313        5503.076        2240.785       0
         100314        6138.964        2038.499       0
         100315       -3621.149        1701.353       0
         100316       -3041.133        1333.668       0
         100317        -317.295        1546.130       0
         100318         317.865        1665.581       0
         100319         318.579        1488.687       0
         100321        1767.134        1401.659       0
         100322        3781.074        1534.196       0
         100323        4017.005        1210.941       0
         100324        4828.806        1660.217       0
         100325        6140.086        1507.236       0
         100326       -5766.947         788.870       0
         100327       -5308.844         656.735       0
         100328       -5269.028         795.197       0
         100329       -4677.145         687.909       0
         100330       -4370.531         794.093       0
         100331       -3550.015        1008.628       0
         100332       -1769.290         969.471       0
         100333       -1735.653         999.626       0
         100334       -1282.199         739.238       0
         100335        -230.602         874.780       0
         100336          15.529         707.503       0
         100337        1349.783         605.804       0
         100338        1832.265        1006.982       0
         100339        1778.539         712.998       0
         100340        2392.919         603.676       0
         100341        2583.687         992.998       0
         100342        4226.520         999.469       0
         100343        5536.530         770.847       0
         100344        4936.786         713.039       0
         100345        6264.561        1151.737       0
         100346       -1514.609          62.046       0
         100347        -631.474          99.232       0
         100348         759.376           4.159       0
         100349         596.419         104.103       0
         100350         947.568          87.098       0
         100351        1675.385         581.196       0
         100352        1655.780         232.769       0
         100353        2661.800          79.304       0
         100354        4348.671         477.280       0
         100355        5466.771         435.688       0
         100357       -5917.073        -566.895       0
         100358       -5879.180        -580.015       0
         100359       -4239.506        -408.502       0
         100360       -3902.640        -243.299       0
         100361       -2034.168        -553.041       0
         100362       -1397.140        -584.317       0
         100363         -44.307         -58.608       0
         100364         -73.171         -23.371       0
         100365         315.785        -515.692       0
         100366        1272.874        -377.044       0
         100367        1319.840        -324.129       0
         100368        3962.558          -2.128       0
         100369        4202.153        -212.919       0
         100370        4489.947        -304.918       0
         100372       -5800.637        -807.800       0
         100373       -4935.130       -1071.862       0
         100374       -4175.322       -1029.333       0
         100375       -3833.687        -803.231       0
         100376       -2969.619        -762.156       0
         100377       -1717.728        -715.245       0
         100378       -1532.483        -836.897       0
         100379       -1356.403       -1070.146       0
         100380         -33.252        -976.013       0
         100381         395.835        -802.927       0
         100382         292.215       -1149.596       0
         100383        3305.469        -862.040       0
         100384        4188.097        -694.276       0
         100385        3980.176        -621.163       0
         100386       -5555.854       -1267.457       0
         100387       -5004.138       -1668.335       0
         100388       -4688.731       -1766.259       0
         100389       -4095.597       -1292.048       0
         100390       -3179.030       -1667.191       0
         100391       -3663.852       -1719.242       0
         100392       -2675.507       -1296.407       0
         100393       -2000.602       -1694.360       0
         100394       -2070.880       -1443.656       0
         100395         -59.486       -1661.807       0
         100396          35.678       -1609.984       0
         100398        2924.538       -1594.447       0
         100399        3587.314       -1757.336       0
         100400        3594.871       -1446.481       0
         100401        4731.896       -1298.800       0
         100402        5235.371       -1763.518       0
         100404       -6065.926       -2125.934       0
         100405       -5427.254       -2065.832       0
         100406       -4120.714       -2073.906       0
         100407       -3704.943       -1837.734       0
         100408       -2977.998       -1870.354       0
         100409       -1287.305       -1808.877       0
         100410        -899.859       -2218.163       0
         100411        -406.694       -1845.661       0
         100412        -620.602       -1969.563       0
         100413         270.452       -2027.619       0
         100414         585.012       -2164.715       0
         100415         950.143       -1881.437       0
         100416        1043.379       -2230.542       0
         100417        1743.016       -2111.149       0
         100418        2685.329       -1962.327       0
         100419        3843.643       -1991.732       0
         100420        4372.790       -1896.720       0
         100421        4862.482       -2160.207       0
         100422        5866.874       -2242.657       0
         100423       -5864.531       -2931.353       0
         100424       -4846.697       -2863.321       0
         100425       -4651.517       -2736.381       0
         100426       -3386.931       -2631.640       0
         100427       -3399.900       -2691.572       0
         100428       -2977.586       -2928.926       0
         100429       -3140.030       -2783.188       0
         100430       -2148.851       -2626.080       0
         100431       -1194.203       -2592.833       0
         100432        -463.809       -2558.573       0
         100433         904.435       -2950.292       0
         100434        2003.187       -2581.207       0
         100435        2389.574       -2917.209       0
         100436        2694.875       -2740.899       0
         100437        3317.115       -2814.689       0
         100438        3915.111       -2772.076       0
         100439        5940.630       -2864.633       0
         100440       -5017.404       -2988.243       0
         100441       -3454.496       -3151.472       0
         100442       -3272.380       -3097.772       0
         100443       -2889.274       -3065.947       0
         100444       -2091.267       -3097.390       0
         100445         436.245       -2988.816       0
         100446        1398.814       -3070.408       0
         100447        5903.047       -3011.172       0
         100448        6017.570       -3233.838       0
            -99
   DJI_0980.JPG      8800.000    0
         100001       -5458.149        2760.510       0
         100002       -5727.917        2768.659       0
         100003       -4029.175        2830.437       0
         100004       -3516.926        2756.036       0
         100005        -893.640        2889.261       0
         100006       -1047.726        2912.655       0
         100007         595.106        3099.680       0
         100008         616.892        2966.504       0
         100009        1523.831        2947.609       0
         100010        1335.142        2906.347       0
         100011        2731.303        2955.316       0
         100012        2808.810        3329.456       0
         100013        3556.119        2909.129       0
         100014        3174.004        3368.001       0
         100015        3002.812        3165.607       0
         100016        5232.364        3104.642       0
         100017       -5213.970        2635.676       0
         100018       -5566.933        2102.399       0
         100019       -4747.369        2353.248       0
         100020       -4577.184        2507.666       0
         100021       -3907.607        2683.398       0
         100022       -3359.583        2354.320       0
         100023       -2241.061        2615.552       0
         100024       -1148.162        2346.397       0
         100025       -1174.335        2553.701       0
         100026        -921.310        2675.097       0
         100027         -89.168        2809.078       0
         100028         643.794        2774.391       0
         100029        3618.222        2862.364       0
         100030        3572.496        2880.035       0
         100031       -6202.309        1544.457       0
         100032       -5549.102        1464.874       0
         100033       -4604.122        1902.743       0
         100034       -2150.211        1869.718       0
         100035       -1539.946        1734.350       0
         100036       -1528.535        1692.534       0
         100037        -290.091        2067.431       0
         100038         128.893        1855.368       0
         100039         785.865        1934.581       0
         100040        2434.488        1818.763       0
         100041        3972.669        2114.919       0
         100042        5605.564        1873.379       0
         100043        5540.050        1792.621       0
         100044       -5959.720        1231.886       0
         100045       -2268.093        1302.456       0
         100046       -2200.775        1555.224       0
         100047        -350.363        1617.190       0
         100048        -610.112        1470.015       0
         100049         304.360        1219.087       0
         100050         814.426        1387.287       0
         100051        2743.127        1553.959       0
         100052        2168.366        1475.824       0
         100053        3267.694        1293.063       0
         100054        4038.839        1557.847       0
         100055        5104.940        1353.330       0
         100056        5768.327        1134.878       0
         100057        5641.170        1238.610       0
         100058       -5450.938         547.088       0
         100059       -5233.779         755.370       0
         100060       -4515.001         313.383       0
         100061       -3129.581         703.934       0
         100062       -2469.979         586.601       0
         100063       -1888.608         552.465       0
         100064        -359.016         491.752       0
         100066         412.161         697.637       0
         100067         508.134         847.324       0
         100068        1283.535         522.650       0
         100069        1861.125         868.593       0
         100070        4365.498         787.026       0
         100071        5099.657         514.055       0
         100072        5493.120         431.849       0
         100073       -4453.481         266.945       0
         100074       -3622.463         270.095       0
         100075       -3249.936         -90.913       0
         100076       -1858.573         366.450       0
         100077       -1026.432         -21.243       0
         100078        -199.200         248.388       0
         100079        1350.131         135.551       0
         100080        1578.282         369.488       0
         100081        2704.707         -79.032       0
         100082        2639.053         191.690       0
         100083        3313.794         365.876       0
         100084        4425.760         419.459       0
         100085        5237.492          87.795       0
         100087       -5955.599        -718.523       0
         100088       -4564.337        -577.647       0
         100089       -3788.350        -410.892       0
         100090       -2606.696        -751.356       0
         100091       -2943.293        -741.514       0
         100092       -2487.953        -319.690       0
         100093       -1085.081        -549.789       0
         100094        -285.551        -769.951       0
         100095        -132.134        -328.374       0
         100096         173.532        -416.560       0
         100097         143.251        -639.402       0
         100098        1079.731        -533.737       0
         100099        3492.769        -730.428       0
         100100        3087.184        -767.652       0
         100101        4039.835        -347.650       0
         100102        4614.370        -766.768       0
         100103        5542.920        -612.356       0
         100104       -5926.663        -973.775       0
         100105       -5213.123       -1032.508       0
         100106       -5336.835       -1032.479       0
         100107       -3430.886       -1068.472       0
         100108       -3607.136       -1387.594       0
         100109       -2910.908       -1385.656       0
         100111       -2451.396       -1146.075       0
         100112       -1982.515       -1238.751       0
         100113       -1663.363        -915.505       0
         100114       -1536.324       -1336.933       0
         100115        -241.904        -886.728       0
         100116        1437.003       -1399.302       0
         100117        2373.737       -1490.230       0
         100118        3543.535        -906.737       0
         100119        3636.817       -1071.445       0
         100120        4369.304        -952.522       0
         100121        4724.124       -1234.183       0
         100122        5855.822        -679.766       0
         100123       -5536.315       -2057.141       0
         100124       -4869.385       -2086.844       0
         100125       -4149.494       -1694.366       0
         100126       -3318.042       -1954.249       0
         100127       -3182.363       -1883.422       0
         100128       -2771.227       -1593.884       0
         100129       -1812.575       -1908.435       0
         100130       -1238.061       -1599.063       0
         100131       -1557.673       -1664.385       0
         100132         420.200       -1742.159       0
         100133         677.887       -1734.699       0
         100134        1468.020       -1665.031       0
         100135        1592.798       -1510.884       0
         100136        2648.709       -2062.866       0
         100138        3440.211       -1574.808       0
         100139        5150.490       -1397.220       0
         100140        4662.272       -1788.382       0
         100141        6080.589       -1641.077       0
         100142        6014.220       -1588.722       0
         100143       -5290.667       -2696.237       0
         100144       -4602.211       -2609.783       0
         100145       -3739.476       -2476.593       0
         100146       -3083.577       -2455.411       0
         100147       -2006.547       -2108.545       0
         100149         -69.121       -2352.709       0
         100150         715.428       -2527.776       0
         100151         682.148       -2078.350       0
         100152        1791.563       -2175.468       0
         100153        2047.523       -2593.153       0
         100154        2769.358       -2398.189       0
         100155        2551.915       -2530.561       0
         100156        3228.706       -2331.979       0
         100158        4923.898       -2094.416       0
         100159        5750.500       -2180.267       0
         100160        5853.764       -2085.503       0
         100161       -5690.616       -3045.523       0
         100162       -5511.421       -2954.159       0
         100163       -2554.923       -2818.597       0
         100164        -893.984       -2852.264       0
         100165       -1131.233       -2826.333       0
         100166        -850.534       -2646.908       0
         100167         -20.803       -3007.302       0
         100168        1076.133       -3192.689       0
         100169        1733.545       -2754.178       0
         100170        2407.822       -2904.140       0
         100171        4097.182       -3029.135       0
         100172       -5613.241       -3503.879       0
         100173       -4998.450       -3669.198       0
         100174       -4606.446       -3675.375       0
         100175       -3531.230       -3514.780       0
         100176       -3015.955       -3630.051       0
         100177       -2747.026       -3768.121       0
         100178       -2120.242       -3318.509       0
         100179       -1658.911       -3691.127       0
         100180         616.851       -3609.770       0
         100181        1071.224       -3272.440       0
         100182        1748.410       -3654.642       0
         100183        1982.219       -3723.746       0
         100184        2340.046       -3589.648       0
         100185        3745.880       -3569.997       0
         100186        4449.197       -3585.473       0
         100187        4730.877       -3546.047       0
         100188        6033.407       -3347.834       0
         100189       -5824.112       -4106.397       0
         100190       -5206.616       -4452.751       0
         100191       -4705.836       -4511.952       0
         100192       -1747.781       -4180.429       0
         100193       -1306.944       -4087.819       0
         100194        -591.678       -4132.988       0
         100195         -14.934       -3882.309       0
         100196         429.248       -3938.247       0
         100197        1340.031       -4292.453       0
         100198        2299.704       -4135.420       0
         100199        2653.080       -4290.409       0
         100200        3428.377       -3798.888       0
         100201        4572.890       -3719.037       0
         100202        4531.948       -3856.635       0
         100203        4893.824       -3929.652       0
         100204        5371.078       -4079.916       0
         100205        5836.126       -4051.386       0
         100206       -4399.874       -4574.227       0
         100207       -4047.703       -4676.114       0
         100208       -3058.629       -4504.287       0
         100209       -1823.055       -4463.396       0
         100210        -841.833       -4643.526       0
         100211        -835.974       -4471.765       0
         100212        -254.735       -4478.348       0
         100213        -405.700       -4501.074       0
         100214          17.780       -4452.534       0
         100215         792.375       -4528.280       0
         100216        1784.121       -4641.187       0
         100217        1748.984       -4676.206       0
         100218        2736.064       -4420.115       0
         100220        5036.408       -4549.484       0
         100221        5189.800       -4671.056       0
         100222       -6168.779        2664.491       0
         100223       -6062.362        2997.108       0
         100224       -5429.941        3156.518       0
         100225       -5006.758        2765.357       0
         100226       -4794.763        2871.030       0
         100227       -4146.323        3056.619       0
         100228       -3290.754        3080.554       0
         100229       -2930.803        3217.663       0
         100230       -3339.437        2739.268       0
         100231       -2034.114        2978.557       0
         100232       -2408.095        3114.625       0
         100233        -244.185        3061.818       0
         100234         216.515        3312.936       0
         100235        1480.286        2980.398       0
         100236        2228.202        2984.474       0
         100237        4344.846        3164.254       0
         100238        3687.848        2902.065       0
         100239        5211.826        3328.017       0
         100240        5374.264        3111.205       0
         100241        5865.227        3305.941       0
         100242       -5863.595        2462.736       0
         100243       -5824.470        2202.746       0
         100244       -4146.754        2258.969       0
         100245       -3371.715        2250.551       0
         100246       -2433.618        2404.014       0
         100247       -2542.863        2242.045       0
         100248        -663.946        2611.607       0
         100249          17.291        2260.780       0
         100250         995.799        2390.682       0
         100251        2079.935        2347.823       0
         100252        1941.727        2504.807       0
         100253        2153.759        2621.328       0
         100254        2333.671        2268.971       0
         100255        4488.117        2551.394       0
         100256        4332.084        2528.491       0
         100257        5111.414        2446.239       0
         100258        5090.274        2652.460       0
         100259        5785.618        2568.466       0
         100260        5434.172        2771.031       0
         100261       -5995.504        1544.573       0
         100262       -5516.186        1792.485       0
         100263       -4935.543        2003.962       0
         100264       -3429.027        1637.864       0
         100265       -3473.615        1550.878       0
         100266       -2932.354        2031.296       0
         100267       -3349.752        2020.751       0
         100268       -2514.079        1832.427       0
         100269        -369.091        1705.831       0
         100270          85.718        1735.361       0
         100271        1202.903        2016.968       0
         100272        1539.646        1814.794       0
         100273        1535.028        1857.249       0
         100274        2458.431        2145.642       0
         100275        3332.633        2263.541       0
         100276        3343.947        1749.102       0
         100277        3896.223        2012.502       0
         100278        4900.231        1922.734       0
         100279        4616.453        2311.744       0
         100280       -5175.887        1433.752       0
         100281       -5767.643        1248.045       0
         100282       -4419.705        1297.323       0
         100283       -4536.831        1353.661       0
         100284       -3594.642        1385.531       0
         100285       -4067.458        1302.688       0
         100286       -2732.729        1082.968       0
         100287       -2870.605        1208.976       0
         100288       -2316.485        1069.113       0
         100289       -1155.142        1282.797       0
         100290       -1230.433        1256.728       0
         100291        -102.226        1331.827       0
         100292         807.241        1602.970       0
         100293        1763.253        1218.911       0
         100294        1485.953        1442.077       0
         100295        3535.748        1566.897       0
         100296        4048.745        1328.741       0
         100297        4639.106        1634.675       0
         100298       -4566.797         661.104       0
         100299       -3983.588         674.052       0
         100300       -4018.135         409.228       0
         100301       -3157.745         489.090       0
         100302       -3294.417         623.067       0
         100303       -1288.991         729.458       0
         100304       -1431.038         488.146       0
         100305        1231.986         891.280       0
         100306        1613.190         883.045       0
         100307        2331.936         577.618       0
         100308        2898.470         467.190       0
         100309        3314.709         797.641       0
         100310        3154.032         828.403       0
         100311        3497.160         761.667       0
         100312        4343.461         542.677       0
         100313        5280.591         879.917       0
         100314        5926.155         701.283       0
         100315       -3812.377         232.623       0
         100316       -3218.712        -104.484       0
         100317        -505.578         207.149       0
         100318         123.525         310.072       0
         100319         130.570         128.768       0
         100321        1575.513          29.036       0
         100322        3579.607         135.005       0
         100323        3832.696        -179.090       0
         100324        4631.514         323.578       0
         100325        5943.257         162.475       0
         100326       -5923.201        -758.083       0
         100327       -5457.465        -875.463       0
         100328       -5424.727        -730.216       0
         100329       -4828.018        -821.086       0
         100330       -4533.526        -698.202       0
         100331       -3721.250        -457.001       0
         100332       -1934.237        -425.726       0
         100333       -1899.843        -391.590       0
         100334       -1439.664        -637.212       0
         100335        -394.588        -479.707       0
         100336        -144.172        -658.881       0
         100337        1188.952        -779.495       0
         100338        1654.316        -376.112       0
         100339        1611.792        -674.685       0
         100340        2231.201        -773.127       0
         100341        2406.626        -380.652       0
         100342        4044.318        -380.721       0
         100343        5377.002        -501.987       0
         100344        4770.454        -643.652       0
         100345        6088.852        -178.254       0
         100346       -1650.452       -1319.175       0
         100347        -765.363       -1255.584       0
         100348         622.834       -1394.263       0
         100349         454.050       -1291.683       0
         100350         807.667       -1307.603       0
         100351        1514.624        -807.824       0
         100352        1507.214       -1164.086       0
         100353        2506.431       -1440.866       0
         100354        4191.671        -904.704       0
         100355        5318.961        -840.578       0
         100357       -6016.985       -2120.039       0
         100358       -5984.416       -2128.711       0
         100359       -4352.771       -1901.549       0
         100360       -4021.314       -1722.012       0
         100361       -2144.889       -1977.604       0
         100362       -1506.539       -1985.881       0
         100363        -177.769       -1444.385       0
         100364        -206.559       -1406.970       0
         100365         196.078       -1927.643       0
         100366        1142.631       -1793.250       0
         100367        1191.776       -1737.587       0
         100368        3820.778       -1396.103       0
         100369        4068.748       -1602.040       0
         100370        4357.267       -1686.620       0
         100372       -5892.745       -2373.982       0
         100373       -5023.399       -2614.642       0
         100374       -4268.636       -2546.280       0
         100375       -3934.502       -2301.954       0
         100376       -3073.868       -2238.159       0
         100377       -1825.548       -2140.941       0
         100378       -1636.159       -2256.131       0
         100379       -1451.922       -2489.375       0
         100380        -136.085       -2402.124       0
         100381         286.184       -2225.716       0
         100382         192.680       -2575.739       0
         100383        3181.206       -2369.306       0
         100384        4077.402       -2017.880       0
         100385        3868.495       -1954.759       0
         100386       -5634.451       -2837.977       0
         100387       -5069.192       -3229.010       0
         100388       -4753.801       -3318.419       0
         100389       -4180.793       -2823.612       0
         100390       -3252.884       -3175.557       0
         100391       -3730.519       -3239.900       0
         100392       -2763.935       -2783.931       0
         100393       -2074.546       -3162.702       0
         100394       -2149.767       -2909.347       0
         100395        -139.088       -3098.798       0
         100396         -47.515       -3048.981       0
         100398        2822.989       -3108.756       0
         100399        3499.083       -3246.166       0
         100400        3489.417       -2932.973       0
         100401        4641.190       -2659.609       0
         100402        5165.391       -3105.058       0
         100404       -6114.054       -3716.646       0
         100405       -5477.980       -3638.758       0
         100406       -4177.574       -3611.364       0
         100407       -3768.482       -3362.645       0
         100408       -3040.830       -3373.489       0
         100409       -1356.669       -3254.133       0
         100410        -958.264       -3674.474       0
         100411        -482.056       -3295.940       0
         100412        -687.606       -3422.545       0
         100413         203.865       -3468.170       0
         100414         523.561       -3600.290       0
         100415         879.321       -3309.179       0
         100416         983.915       -3653.679       0
         100417        1676.241       -3512.465       0
         100418        2596.786       -3493.107       0
         100419        3780.804       -3313.285       0
         100420        4312.159       -3199.983       0
         100421        4811.606       -3452.815       0
         100422        5814.950       -3561.416       0
         100423       -5879.643       -4520.095       0
         100424       -4871.184       -4424.214       0
         100425       -4683.778       -4296.098       0
         100426       -3422.706       -4149.716       0
         100427       -3431.987       -4210.593       0
         100428       -3005.447       -4435.829       0
         100429       -3172.178       -4295.759       0
         100430       -2184.813       -4104.298       0
         100431       -1235.743       -4050.683       0
         100432        -510.057       -4003.877       0
         100433         873.395       -4373.524       0
         100434        1958.320       -3978.689       0
         100435        2356.558       -4300.592       0
         100436        2658.393       -4105.005       0
         100437        3279.759       -4170.219       0
         100438        3883.984       -4088.839       0
         100439        5907.257       -4251.190       0
         100440       -5034.314       -4556.122       0
         100441       -3470.759       -4671.433       0
         100442       -3291.459       -4613.211       0
         100443       -2909.342       -4570.684       0
         100444       -2111.891       -4573.985       0
         100445         405.839       -4425.430       0
         100446        1372.733       -4474.631       0
         100447        5870.114       -4402.186       0
         100448        6001.048       -4614.521       0
            -99
