DJI_0979.JPG
100001	451	181
100002	347	171
100003	999	175
100004	1194	212
100005	2199	201
100006	2139	191
100007	2774	132
100008	2778	181
100009	3140	107
100010	3068	126
100011	3589	187
100012	3623	54
100013	3904	219
100014	3764	43
100015	3694	117
100016	4546	165
100017	542	231
100018	400	430
100019	717	345
100020	785	290
100021	1043	233
100022	1248	367
100023	1680	285
100024	2094	403
100025	2088	324
100026	2186	280
100027	2506	242
100028	2786	255
100029	3928	235
100030	3910	230
100031	147	634
100032	396	674
100033	765	520
100034	1704	570
100035	1936	631
100036	1938	645
100037	2418	522
100038	2576	605
100039	2829	571
100040	3460	615
100041	4051	524
100042	4679	588
100043	4652	620
100044	236	758
100045	1651	785
100046	1680	690
100047	2389	692
100048	2287	746
100049	2635	841
100050	2833	778
100051	3575	721
100052	3354	745
100053	3772	826
100054	4069	731
100055	4479	781
100056	4728	866
100057	4682	826
100058	423	1026
100059	508	947
100060	778	1126
100061	1312	1001
100062	1565	1055
100063	1786	1076
100064	2370	1122
100066	2670	1037
100067	2708	980
100068	3003	1100
100069	3229	968
100070	4187	1000
100071	4466	1102
100072	4615	1138
100073	799	1150
100074	1117	1159
100075	1255	1304
100076	1793	1150
100077	2101	1298
100078	2428	1213
100079	3024	1247
100080	3113	1157
100081	3539	1329
100082	3518	1230
100083	3778	1168
100084	4203	1162
100085	4511	1268
100087	208	1504
100088	747	1470
100089	1044	1418
100090	1493	1564
100091	1365	1557
100092	1544	1402
100093	2077	1512
100094	2382	1594
100095	2446	1426
100096	2563	1456
100097	2548	1540
100098	2910	1499
100099	3835	1564
100100	3680	1571
100101	4049	1427
100102	4262	1594
100103	4614	1573
100104	218	1602
100105	489	1635
100106	443	1633
100107	1171	1675
100108	1101	1793
100109	1367	1804
100111	1545	1718
100112	1724	1761
100113	1851	1642
100114	1894	1805
100115	2397	1634
100116	3036	1822
100117	3401	1810
100118	3851	1632
100119	3886	1688
100120	4165	1662
100121	4297	1772
100122	4733	1595
100123	351	2021
100124	605	2043
100125	889	1903
100126	1202	2014
100127	1256	1990
100128	1416	1884
100129	1780	2014
100130	2003	1909
100131	1881	1930
100132	2641	1951
100133	2739	1949
100134	3043	1923
100135	3094	1867
100136	3498	2029
100138	3801	1892
100139	4454	1859
100140	4262	1999
100141	4814	1909
100142	4788	1887
100143	437	2260
100144	703	2237
100145	1035	2196
100146	1288	2192
100147	1704	2082
100149	2445	2179
100150	2744	2242
100151	2738	2072
100152	3171	2063
100153	3264	2222
100154	3540	2157
100155	3457	2205
100156	3715	2139
100158	4358	2122
100159	4681	2108
100160	4722	2074
100161	279	2386
100162	349	2353
100163	1485	2335
100164	2121	2368
100165	2030	2360
100166	2140	2292
100167	2456	2425
100168	2875	2501
100169	3137	2280
100170	3395	2345
100171	4029	2481
100172	300	2563
100173	536	2631
100174	687	2636
100175	1102	2588
100176	1298	2637
100177	1397	2694
100178	1645	2529
100179	1817	2677
100180	2691	2657
100181	2870	2532
100182	3123	2688
100183	3213	2718
100184	3360	2607
100185	3887	2684
100186	4156	2693
100187	4263	2685
100188	4765	2608
100189	213	2787
100190	445	2927
100191	637	2954
100192	1776	2862
100193	1947	2827
100194	2222	2851
100195	2445	2757
100196	2615	2781
100197	2957	2927
100198	3327	2881
100199	3460	2942
100200	3764	2761
100201	4200	2749
100202	4180	2804
100203	4319	2837
100204	4505	2867
100205	4684	2847
100206	752	2981
100207	887	3023
100208	1269	2970
100209	1741	2969
100210	2118	3043
100211	2122	2980
100212	2346	2976
100213	2289	2985
100214	2451	2970
100215	2747	3012
100216	3123	3068
100217	3109	3080
100218	3490	2995
100220	4366	3076
100221	4421	3124
100222	177	206
100223	222	80
100224	467	29
100225	623	184
100226	707	148
100227	957	86
100228	1284	90
100229	1425	44
100230	1261	219
100231	1765	148
100232	1621	93
100233	2449	144
100234	2629	54
100235	3123	91
100236	3397	178
100237	4209	126
100238	3955	220
100239	4541	80
100240	4600	164
100241	4788	97
100242	290	287
100243	301	387
100244	946	391
100245	1241	408
100246	1604	362
100247	1558	422
100248	2284	311
100249	2537	452
100250	2916	400
100251	3333	412
100252	3282	356
100253	3364	311
100254	3429	446
100255	4255	366
100256	4195	370
100257	4492	412
100258	4485	335
100259	4750	374
100260	4619	285
100261	226	637
100262	414	549
100263	639	477
100264	1212	640
100265	1192	672
100266	1407	496
100267	1246	496
100268	1564	578
100269	2382	660
100270	2559	650
100271	2992	539
100272	3118	616
100273	3117	599
100274	3475	493
100275	3810	459
100276	3807	655
100277	4021	561
100278	4409	568
100279	4299	455
100280	539	692
100281	311	747
100282	828	755
100283	783	732
100284	1144	735
100285	960	759
100286	1469	862
100287	1418	812
100288	1628	874
100289	2075	811
100290	2047	819
100291	2481	803
100292	2833	696
100293	3197	837
100294	3092	756
100295	3877	726
100296	4071	814
100297	4299	703
100298	762	996
100299	990	989
100300	970	1091
100301	1299	1083
100302	1249	1030
100303	2017	1019
100304	1959	1108
100305	2988	963
100306	3133	965
100307	3406	1082
100308	3620	1128
100309	3783	1008
100310	3722	996
100311	3853	1020
100312	4175	1096
100313	4540	964
100314	4784	1041
100315	1044	1171
100316	1266	1312
100317	2310	1230
100318	2553	1184
100319	2554	1252
100321	3109	1285
100322	3880	1235
100323	3971	1359
100324	4282	1186
100325	4784	1245
100326	222	1520
100327	397	1571
100328	413	1518
100329	639	1559
100330	757	1518
100331	1071	1436
100332	1754	1451
100333	1766	1440
100334	1940	1539
100335	2343	1487
100336	2437	1551
100337	2949	1590
100338	3134	1437
100339	3113	1549
100340	3348	1591
100341	3421	1442
100342	4051	1440
100343	4553	1527
100344	4323	1549
100345	4832	1381
100346	1851	1799
100347	2190	1784
100348	2722	1821
100349	2660	1783
100350	2795	1789
100351	3073	1600
100352	3066	1733
100353	3451	1792
100354	4098	1640
100355	4526	1656
100357	164	2040
100358	179	2045
100359	807	1979
100360	936	1916
100361	1652	2034
100362	1896	2046
100363	2415	1845
100364	2403	1831
100365	2552	2020
100366	2919	1967
100367	2937	1947
100368	3950	1823
100369	4042	1904
100370	4152	1939
100372	209	2132
100373	541	2233
100374	832	2217
100375	963	2130
100376	1294	2115
100377	1773	2097
100378	1844	2143
100379	1912	2233
100380	2419	2196
100381	2583	2130
100382	2543	2263
100383	3698	2153
100384	4036	2089
100385	3956	2060
100386	303	2308
100387	514	2462
100388	635	2499
100389	862	2318
100390	1213	2461
100391	1028	2481
100392	1406	2319
100393	1665	2472
100394	1638	2376
100395	2409	2459
100396	2445	2439
100398	3552	2433
100399	3806	2496
100400	3809	2377
100401	4244	2320
100402	4437	2498
100404	107	2637
100405	352	2614
100406	853	2617
100407	1012	2527
100408	1291	2539
100409	1938	2516
100410	2087	2672
100411	2276	2530
100412	2194	2577
100413	2535	2599
100414	2656	2652
100415	2796	2543
100416	2831	2677
100417	3099	2631
100418	3460	2574
100419	3904	2586
100420	4107	2549
100421	4295	2650
100422	4679	2682
100423	185	2946
100424	575	2920
100425	649	2871
100426	1134	2831
100427	1129	2854
100428	1291	2945
100429	1228	2889
100430	1608	2829
100431	1974	2816
100432	2254	2803
100433	2778	2953
100434	3199	2811
100435	3347	2940
100436	3464	2873
100437	3702	2901
100438	3932	2885
100439	4708	2920
100440	509	2967
100441	1108	3030
100442	1178	3009
100443	1324	2997
100444	1630	3009
100445	2599	2968
100446	2967	2999
100447	4693	2976
100448	4737	3062

-99
DJI_0980.JPG
100001	340	765
100002	237	762
100003	888	738
100004	1084	767
100005	2089	716
100006	2030	707
100007	2660	635
100008	2668	686
100009	3015	693
100010	2943	709
100011	3478	690
100012	3508	547
100013	3794	708
100014	3648	532
100015	3582	610
100016	4436	633
100017	434	813
100018	299	1017
100019	613	921
100020	678	862
100021	934	794
100022	1144	920
100023	1573	820
100024	1992	923
100025	1982	844
100026	2079	798
100027	2397	746
100028	2678	760
100029	3818	726
100030	3800	719
100031	55	1231
100032	305	1261
100033	667	1093
100034	1608	1106
100035	1841	1158
100036	1846	1174
100037	2320	1030
100038	2481	1112
100039	2733	1081
100040	3364	1126
100041	3954	1012
100042	4579	1105
100043	4554	1136
100044	148	1351
100045	1562	1323
100046	1588	1227
100047	2297	1203
100048	2198	1259
100049	2548	1355
100050	2744	1291
100051	3483	1227
100052	3262	1257
100053	3683	1327
100054	3979	1226
100055	4387	1304
100056	4642	1388
100057	4593	1348
100058	343	1613
100059	426	1533
100060	702	1702
100061	1232	1553
100062	1485	1598
100063	1708	1611
100064	2294	1634
100066	2589	1555
100067	2626	1498
100068	2923	1622
100069	3145	1490
100070	4104	1521
100071	4385	1626
100072	4536	1657
100073	725	1720
100074	1044	1719
100075	1186	1857
100076	1719	1682
100077	2038	1831
100078	2355	1727
100079	2949	1771
100080	3036	1681
100081	3468	1853
100082	3443	1749
100083	3701	1682
100084	4127	1662
100085	4438	1789
100087	150	2098
100088	683	2044
100089	980	1980
100090	1433	2110
100091	1304	2107
100092	1478	1945
100093	2016	2033
100094	2322	2118
100095	2381	1948
100096	2498	1982
100097	2486	2067
100098	2845	2027
100099	3770	2102
100100	3614	2117
100101	3979	1956
100102	4199	2116
100103	4555	2057
100104	161	2196
100105	434	2218
100106	387	2218
100107	1117	2232
100108	1049	2354
100109	1316	2353
100111	1492	2262
100112	1672	2297
100113	1794	2173
100114	1843	2335
100115	2339	2162
100116	2982	2359
100117	3341	2393
100118	3789	2170
100119	3825	2233
100120	4106	2187
100121	4242	2295
100122	4675	2083
100123	310	2611
100124	566	2622
100125	842	2472
100126	1160	2571
100127	1212	2544
100128	1370	2433
100129	1737	2554
100130	1957	2435
100131	1835	2460
100132	2592	2490
100133	2691	2487
100134	2994	2460
100135	3042	2401
100136	3446	2613
100138	3750	2426
100139	4405	2358
100140	4218	2508
100141	4761	2451
100142	4736	2431
100143	404	2856
100144	668	2822
100145	999	2771
100146	1250	2763
100147	1663	2630
100149	2405	2724
100150	2706	2791
100151	2693	2619
100152	3118	2656
100153	3216	2816
100154	3493	2741
100155	3409	2792
100156	3669	2716
100158	4318	2625
100159	4635	2658
100160	4674	2622
100161	251	2989
100162	320	2954
100163	1453	2902
100164	2089	2915
100165	1998	2905
100166	2106	2837
100167	2424	2975
100168	2844	3046
100169	3096	2878
100170	3354	2935
100171	4001	2983
100172	281	3165
100173	516	3228
100174	667	3231
100175	1079	3169
100176	1276	3213
100177	1379	3266
100178	1619	3094
100179	1796	3237
100180	2668	3206
100181	2842	3076
100182	3101	3223
100183	3191	3249
100184	3328	3198
100185	3867	3190
100186	4136	3196
100187	4244	3181
100188	4743	3105
100189	200	3396
100190	437	3529
100191	628	3551
100192	1762	3424
100193	1931	3389
100194	2205	3406
100195	2426	3310
100196	2596	3331
100197	2945	3467
100198	3313	3407
100199	3448	3466
100200	3745	3278
100201	4184	3247
100202	4168	3300
100203	4307	3328
100204	4489	3386
100205	4668	3375
100206	746	3575
100207	881	3614
100208	1260	3548
100209	1733	3533
100210	2109	3602
100211	2111	3536
100212	2334	3538
100213	2276	3547
100214	2438	3528
100215	2735	3557
100216	3115	3601
100217	3102	3614
100218	3480	3516
100220	4361	3566
100221	4420	3612
100222	68	802
100223	109	674
100224	351	613
100225	513	763
100226	594	722
100227	843	651
100228	1171	642
100229	1309	590
100230	1152	773
100231	1652	681
100232	1509	629
100233	2338	649
100234	2514	553
100235	2999	681
100236	3285	679
100237	4096	610
100238	3844	711
100239	4428	547
100240	4491	630
100241	4679	556
100242	185	879
100243	200	979
100244	843	957
100245	1140	960
100246	1499	901
100247	1457	963
100248	2177	822
100249	2438	956
100250	2813	907
100251	3228	923
100252	3175	863
100253	3257	818
100254	3326	953
100255	4151	845
100256	4091	854
100257	4390	885
100258	4382	806
100259	4648	838
100260	4514	761
100261	134	1231
100262	318	1136
100263	540	1055
100264	1118	1195
100265	1101	1228
100266	1308	1044
100267	1148	1048
100268	1468	1120
100269	2290	1169
100270	2464	1158
100271	2892	1050
100272	3021	1127
100273	3020	1111
100274	3373	1000
100275	3708	955
100276	3713	1152
100277	3924	1051
100278	4309	1086
100279	4200	937
100280	448	1273
100281	222	1344
100282	738	1325
100283	693	1304
100284	1054	1292
100285	873	1323
100286	1384	1408
100287	1332	1359
100288	1544	1413
100289	1989	1331
100290	1960	1341
100291	2392	1312
100292	2741	1208
100293	3107	1355
100294	3001	1270
100295	3786	1222
100296	3983	1313
100297	4209	1196
100298	682	1569
100299	905	1564
100300	892	1666
100301	1222	1635
100302	1169	1584
100303	1938	1543
100304	1883	1635
100305	2904	1481
100306	3050	1484
100307	3325	1601
100308	3542	1644
100309	3702	1517
100310	3640	1505
100311	3771	1531
100312	4096	1615
100313	4455	1485
100314	4702	1554
100315	971	1733
100316	1198	1863
100317	2238	1743
100318	2479	1704
100319	2482	1773
100321	3035	1811
100322	3803	1771
100323	3900	1891
100324	4206	1699
100325	4709	1760
100326	162	2113
100327	341	2158
100328	353	2102
100329	582	2137
100330	695	2090
100331	1006	1998
100332	1690	1986
100333	1704	1973
100334	1880	2067
100335	2280	2006
100336	2376	2075
100337	2887	2121
100338	3065	1967
100339	3049	2081
100340	3286	2119
100341	3354	1968
100342	3981	1968
100343	4492	2015
100344	4259	2069
100345	4764	1891
100346	1799	2328
100347	2138	2304
100348	2670	2357
100349	2605	2317
100350	2741	2323
100351	3012	2132
100352	3009	2269
100353	3392	2375
100354	4038	2169
100355	4469	2145
100357	126	2635
100358	139	2638
100359	764	2551
100360	891	2482
100361	1610	2580
100362	1854	2583
100363	2363	2376
100364	2352	2362
100365	2507	2561
100366	2869	2510
100367	2888	2488
100368	3895	2357
100369	3990	2436
100370	4101	2469
100372	174	2732
100373	507	2824
100374	796	2798
100375	924	2704
100376	1254	2680
100377	1732	2643
100378	1805	2687
100379	1875	2776
100380	2379	2743
100381	2541	2675
100382	2505	2809
100383	3650	2730
100384	3994	2596
100385	3914	2571
100386	273	2910
100387	489	3060
100388	610	3094
100389	830	2904
100390	1185	3039
100391	1002	3064
100392	1373	2889
100393	1637	3034
100394	1608	2937
100395	2378	3010
100396	2413	2991
100398	3513	3014
100399	3772	3066
100400	3768	2946
100401	4210	2842
100402	4411	3012
100404	89	3247
100405	333	3217
100406	831	3206
100407	988	3111
100408	1266	3115
100409	1912	3069
100410	2064	3230
100411	2247	3085
100412	2168	3134
100413	2510	3151
100414	2632	3202
100415	2768	3090
100416	2808	3222
100417	3074	3168
100418	3426	3161
100419	3880	3092
100420	4084	3049
100421	4275	3145
100422	4659	3187
100423	179	3554
100424	565	3518
100425	637	3469
100426	1120	3412
100427	1117	3436
100428	1280	3522
100429	1216	3468
100430	1594	3395
100431	1958	3374
100432	2236	3357
100433	2766	3498
100434	3182	3347
100435	3334	3470
100436	3450	3395
100437	3688	3420
100438	3920	3389
100439	4695	3451
100440	503	3568
100441	1102	3612
100442	1170	3590
100443	1317	3574
100444	1622	3575
100445	2587	3518
100446	2957	3537
100447	4681	3509
100448	4731	3591

-99
